""" Data Content Description

To use: Copy this content to the 'Input' section of 'Density Matrix Reconstruction Algorithm.py' file.

"""


""" n = 2, nf = 2;  N = 500000 -> error ~ 0.001

# Gate Matrix: G
G = [[[1], [1, 2]], [[1, 2], [2]]]

# Measurement Outcome Vector: qf, for example: 0000, 0001, 0010, 0011, ...
qf = np.array([0, 1, 2, 3, 4, 5, 6, 7, 8, 9, 10, 11, 12, 13, 14, 15], dtype=np.int64)
# Count Vector: N_qf
N_qf = np.array([79283, 46478, 46874, 1181, 22585, 14860, 17136, 13067, 17966, 20842, 12602, 9263, 5154, 42661, 48700, 101348], dtype=np.int64)
Measured_Diagonal_Data = np.array([0.22087, 0.234442, 0.264606, 0.280082])

# Reference Quantum State: ρ_true, for display of results only
# State: [1.3, 0.9 + 1.1j]⊗[1.4, 0.8 + 1.2j]
ρ_true = np.array([[0.2209975715 + 0j, 0.1262843265 - 0.1894264898j, 0.1529983187 - 0.1869979451j, -0.0728563422 - 0.2379973846j], [0.1262843265 + 0.1894264898j, 0.2345280350 - 0.0000000000j, 0.2477115636 + 0.0242854474j, 0.1623655627 - 0.1984467989j], [0.1529983187 + 0.1869979451j, 0.2477115636 - 0.0242854474j, 0.2641509434 - 0.0000000000j, 0.1509433962 - 0.2264150943j], [-0.0728563422 + 0.2379973846j, 0.1623655627 + 0.1984467989j, 0.1509433962 + 0.2264150943j, 0.2803234501 - 0.0000000000j]], dtype=np.complex128)

"""


""" n = 3, nf = 5;  N = 500000 -> error ~ 0.001

# Gate Matrix: G
G = [[[1], [4], [2]], [[4], [2], [5]], [[2], [5], [3]]]

# Measurement Outcome Vector: qf, for example: 0000, 0001, 0010, 0011, ...
qf = np.array([0, 1, 2, 3, 4, 5, 6, 7, 8, 9, 10, 11, 12, 13, 14, 15, 16, 17, 18, 19, 20, 21, 22, 23, 24, 25, 26, 27, 28, 29, 30, 31, 32, 33, 34, 35, 36, 37, 38, 39, 40, 41, 42, 43, 44, 45, 46, 47, 48, 49, 50, 51, 52, 53, 54, 55, 56, 57, 58, 59, 60, 61, 62, 63, 64, 65, 66, 67, 68, 69, 70, 71, 72, 73, 74, 75, 76, 77, 78, 79, 80, 81, 82, 83, 84, 85, 86, 87, 88, 89, 90, 91, 92, 93, 94, 95, 96, 97, 98, 99, 100, 101, 102, 103, 104, 105, 106, 107, 108, 109, 110, 111, 112, 113, 114, 115, 116, 117, 118, 119, 120, 121, 122, 123, 124, 125, 126, 127, 128, 129, 130, 131, 132, 133, 134, 135, 136, 137, 138, 139, 140, 141, 142, 143, 144, 145, 146, 147, 148, 149, 150, 151, 152, 153, 154, 155, 156, 157, 158, 159, 160, 161, 162, 163, 164, 165, 166, 167, 168, 169, 170, 171, 172, 173, 174, 175, 176, 177, 178, 179, 180, 181, 182, 183, 184, 185, 186, 187, 188, 189, 190, 191, 192, 193, 194, 195, 196, 197, 198, 199, 200, 201, 202, 203, 204, 205, 206, 207, 208, 209, 210, 211, 212, 213, 214, 215, 216, 217, 218, 219, 220, 221, 222, 223, 224, 225, 226, 227, 228, 229, 230, 231, 232, 233, 234, 235, 236, 237, 238, 239, 240, 241, 242, 243, 244, 245, 246, 247, 248, 249, 250, 251, 252, 253, 254, 255], dtype=np.int64)
# Count Vector: N_qf
N_qf = np.array([9674, 2456, 5955, 3479, 6381, 5723, 3853, 1347, 258, 137, 580, 3079, 592, 602, 982, 5502, 1357, 355, 5831, 760, 909, 798, 3739, 857, 212, 2414, 195, 786, 496, 2767, 2425, 4453, 177, 3934, 101, 588, 3637, 743, 2229, 2655, 425, 1700, 3610, 2465, 91, 1260, 3306, 25, 27, 567, 96, 3294, 505, 94, 2204, 3289, 414, 3611, 4041, 4454, 128, 3344, 1920, 738, 2717, 3663, 1493, 2732, 1791, 531, 965, 3134, 2681, 3994, 3035, 10, 6353, 3283, 2802, 1250, 405, 514, 2143, 237, 264, 72, 1334, 2383, 2587, 1392, 3438, 2421, 5571, 949, 1401, 1735, 66, 2479, 27, 992, 1057, 5595, 559, 601, 4619, 2240, 569, 2186, 1193, 2933, 747, 982, 6, 354, 43, 3676, 147, 765, 772, 1568, 4293, 63, 146, 71, 1349, 473, 2266, 789, 2223, 571, 1281, 458, 1389, 1337, 769, 2307, 348, 3778, 128, 249, 61, 2891, 2327, 422, 10546, 2642, 1620, 3090, 6647, 6262, 1025, 2685, 391, 1355, 567, 2556, 141, 763, 855, 1476, 28, 962, 27, 3338, 815, 152, 476, 1670, 258, 2033, 4095, 2029, 577, 2668, 1818, 1698, 198, 4327, 39, 593, 3898, 790, 599, 969, 326, 12, 3577, 26, 557, 577, 3215, 1144, 605, 837, 6573, 1012, 372, 117, 4154, 1042, 3927, 127, 3459, 4402, 747, 892, 1592, 578, 3087, 4086, 5944, 3565, 1962, 595, 3884, 1843, 3961, 2726, 3010, 2073, 1474, 3316, 3061, 62, 9, 535, 141, 3187, 225, 1347, 2469, 3038, 3093, 1798, 257, 1050, 6136, 1007, 2102, 4965, 52, 2750, 106, 468, 1096, 6191, 2227, 2025, 3376, 4138, 640, 3169, 6018, 3421, 595, 5101], dtype=np.int64)
Measured_Diagonal_Data = np.array([0.116308, 0.10461, 0.123206, 0.111284, 0.139082, 0.12541, 0.14654, 0.13356])

# Reference Quantum State: ρ_true, for display of results only
# State: [1.3, 0.9 + 1.1j]⊗[1.4, 0.8 + 1.2j]⊗[1.2, 1.1 - 0.3j]
ρ_true = np.array([[0.1161447091 + 0j, 0.1064659833 + 0.0290361773j, 0.0663684052 - 0.0995526078j, 0.0857258567 - 0.0746644558j, 0.0804078755 - 0.0982762923j, 0.0982762923 - 0.0699846324j, -0.0382894645 - 0.1250789175j, -0.0038289465 - 0.1242280405j], [0.1064659833 - 0.0290361773j, 0.1048528624 + 0.0000000000j, 0.0359495528 - 0.1078486584j, 0.0599159214 - 0.0898738820j, 0.0491381462 - 0.1101885702j, 0.0725904432 - 0.0887216528j, -0.0663684052 - 0.1050833082j, -0.0345668777 - 0.1129184672j], [0.0663684052 + 0.0995526078j, 0.0359495528 + 0.1078486584j, 0.1232556096 - 0.0000000000j, 0.1129843088 + 0.0308139024j, 0.1301841794 + 0.0127631548j, 0.1161447091 + 0.0442456035j, 0.0853308067 - 0.1042932082j, 0.1042932082 - 0.0742694058j], [0.0857258567 + 0.0746644558j, 0.0599159214 + 0.0898738820j, 0.1129843088 - 0.0308139024j, 0.1112724254 - 0.0000000000j, 0.1225262865 - 0.0208464862j, 0.1175273842 + 0.0115222926j, 0.0521466041 - 0.1169348091j, 0.0770347560 - 0.0941535907j], [0.0804078755 + 0.0982762923j, 0.0491381462 + 0.1101885702j, 0.1301841794 - 0.0127631548j, 0.1225262865 + 0.0208464862j, 0.1388238535 - 0.0000000000j, 0.1272551990 + 0.0347059634j, 0.0793279163 - 0.1189918744j, 0.1024652252 - 0.0892439058j], [0.0982762923 + 0.0699846324j, 0.0725904432 + 0.0887216528j, 0.1161447091 - 0.0442456035j, 0.1175273842 - 0.0115222926j, 0.1272551990 - 0.0347059634j, 0.1253270899 - 0.0000000000j, 0.0429692880 - 0.1289078639j, 0.0716154800 - 0.1074232199j], [-0.0382894645 + 0.1250789175j, -0.0663684052 + 0.1050833082j, 0.0853308067 + 0.1042932082j, 0.0521466041 + 0.1169348091j, 0.0793279163 + 0.1189918744j, 0.0429692880 + 0.1289078639j, 0.1473232731 - 0.0000000000j, 0.1350463336 + 0.0368308183j], [-0.0038289465 + 0.1242280405j, -0.0345668777 + 0.1129184672j, 0.1042932082 + 0.0742694058j, 0.0770347560 + 0.0941535907j, 0.1024652252 + 0.0892439058j, 0.0716154800 + 0.1074232199j, 0.1350463336 - 0.0368308183j, 0.1330001771 + 0.0000000000j]], dtype=np.complex128)

"""


""" n = 4, nf = 5;  N = 500000 -> error ~ 0.001

# Gate Matrix: G
G = [[[1], [4], [2], [5]], [[4], [2], [5], [3]], [[2], [5], [3], [1]], [[5], [3], [1], [4]]]

# Measurement Outcome Vector: qf, for example: 0000, 0001, 0010, 0011, ...
qf = np.array([0, 1, 2, 3, 4, 5, 6, 7, 8, 9, 10, 11, 12, 13, 14, 15, 16, 17, 18, 19, 20, 21, 22, 23, 24, 25, 26, 27, 28, 29, 30, 31, 32, 33, 34, 35, 36, 37, 38, 39, 40, 41, 42, 43, 44, 45, 46, 47, 48, 49, 50, 51, 52, 53, 54, 55, 56, 57, 58, 59, 60, 61, 62, 63, 64, 65, 66, 67, 68, 69, 70, 71, 72, 73, 74, 75, 76, 77, 78, 79, 80, 81, 82, 83, 84, 85, 86, 87, 88, 89, 90, 91, 92, 93, 94, 95, 96, 97, 98, 99, 100, 101, 102, 103, 104, 105, 106, 107, 108, 109, 110, 111, 112, 113, 114, 115, 116, 117, 118, 119, 120, 121, 122, 123, 124, 125, 126, 127, 128, 129, 130, 131, 132, 133, 134, 135, 136, 137, 138, 139, 140, 141, 142, 143, 144, 145, 146, 147, 148, 149, 150, 151, 152, 153, 154, 155, 156, 157, 158, 159, 160, 161, 162, 163, 164, 165, 166, 167, 168, 169, 170, 171, 172, 173, 174, 175, 176, 177, 178, 179, 180, 181, 182, 183, 184, 185, 186, 187, 188, 189, 190, 191, 192, 193, 194, 195, 196, 197, 198, 199, 200, 201, 202, 203, 204, 205, 206, 207, 208, 209, 210, 211, 212, 213, 214, 215, 216, 217, 218, 219, 220, 221, 222, 223, 224, 225, 226, 227, 228, 229, 230, 231, 232, 233, 234, 235, 236, 237, 238, 239, 240, 241, 242, 243, 244, 245, 246, 247, 248, 249, 250, 251, 252, 253, 254, 255, 256, 257, 258, 259, 260, 261, 262, 263, 264, 265, 266, 267, 268, 269, 270, 271, 272, 273, 274, 275, 276, 277, 278, 279, 280, 281, 282, 283, 284, 285, 286, 287, 288, 289, 290, 291, 292, 293, 294, 295, 296, 297, 298, 299, 300, 301, 302, 303, 304, 305, 306, 307, 308, 309, 310, 311, 312, 313, 314, 315, 316, 317, 318, 319, 320, 321, 322, 323, 324, 325, 326, 327, 328, 329, 330, 331, 332, 333, 334, 335, 336, 337, 338, 339, 340, 341, 342, 343, 344, 345, 346, 347, 348, 349, 350, 351, 352, 353, 354, 355, 356, 357, 358, 359, 360, 361, 362, 363, 364, 365, 366, 367, 368, 369, 370, 371, 372, 373, 374, 375, 376, 377, 378, 379, 380, 381, 382, 383, 384, 385, 386, 387, 388, 389, 390, 391, 392, 393, 394, 395, 396, 397, 398, 399, 400, 401, 402, 403, 404, 405, 406, 407, 408, 409, 410, 411, 412, 413, 414, 415, 416, 417, 418, 419, 420, 421, 422, 423, 424, 425, 426, 427, 428, 429, 430, 431, 432, 433, 434, 435, 436, 437, 438, 439, 440, 441, 442, 443, 444, 445, 446, 447, 448, 449, 450, 451, 452, 453, 454, 455, 456, 457, 458, 459, 460, 461, 462, 463, 464, 465, 466, 467, 468, 469, 470, 471, 472, 473, 474, 475, 476, 477, 478, 479, 480, 481, 482, 483, 484, 485, 486, 487, 488, 489, 490, 491, 492, 493, 494, 495, 496, 497, 498, 499, 500, 501, 502, 503, 504, 505, 506, 507, 508, 509, 510, 511], dtype=np.int64)
# Count Vector: N_qf
N_qf = np.array([2872, 272, 5857, 495, 569, 1156, 2185, 4, 78, 1262, 586, 527, 860, 322, 1721, 2264, 458, 617, 1669, 660, 339, 2441, 1819, 777, 285, 567, 1472, 217, 753, 27, 4, 1367, 6738, 1254, 266, 1466, 3495, 1836, 303, 1208, 160, 612, 26, 1185, 2574, 384, 109, 733, 290, 1754, 1281, 5, 193, 1090, 476, 733, 17, 632, 629, 221, 196, 3116, 2258, 3396, 58, 430, 120, 1342, 299, 938, 1244, 1377, 137, 1701, 3505, 1401, 163, 911, 259, 1299, 272, 768, 1403, 1743, 104, 45, 179, 1388, 128, 209, 1394, 257, 1770, 3256, 158, 279, 137, 2038, 3, 520, 2085, 100, 156, 1457, 319, 114, 135, 745, 458, 191, 1890, 1116, 436, 894, 1526, 1554, 270, 282, 1530, 1274, 195, 2334, 750, 3271, 989, 22, 1462, 156, 807, 370, 1428, 717, 3520, 491, 1639, 1250, 780, 647, 2922, 1019, 2704, 2544, 1448, 66, 127, 1312, 571, 120, 104, 180, 798, 929, 3253, 255, 549, 2663, 1157, 47, 682, 461, 2047, 1835, 69, 1135, 468, 421, 777, 1340, 1845, 1327, 142, 1125, 847, 687, 423, 797, 73, 263, 456, 200, 267, 271, 967, 782, 256, 2387, 1278, 103, 1727, 740, 925, 962, 13, 272, 20, 993, 2032, 1388, 939, 52, 1401, 221, 488, 528, 489, 109, 491, 143, 77, 1054, 506, 1313, 332, 1272, 1098, 909, 1352, 645, 724, 738, 49, 601, 302, 778, 45, 1269, 1, 987, 234, 1428, 455, 1083, 3239, 1880, 26, 1129, 151, 2630, 1446, 1258, 106, 1072, 586, 2225, 179, 2287, 1089, 1237, 2214, 732, 1059, 351, 852, 65, 2066, 297, 654, 1347, 1230, 936, 119, 767, 324, 2350, 106, 884, 128, 869, 83, 8, 38, 118, 3346, 1358, 460, 2883, 2554, 1397, 293, 171, 17, 2170, 502, 186, 1149, 32, 605, 361, 1595, 199, 40, 976, 793, 186, 2122, 388, 267, 1103, 7, 813, 283, 3202, 1952, 706, 2102, 342, 341, 330, 1419, 2177, 1258, 1952, 325, 320, 1528, 3221, 1889, 672, 155, 796, 9, 2192, 18, 790, 75, 1125, 212, 227, 75, 63, 3776, 542, 800, 2551, 1891, 65, 1931, 1468, 377, 554, 819, 329, 1639, 313, 217, 688, 987, 249, 87, 741, 3234, 1007, 37, 356, 2, 1153, 482, 1775, 1278, 888, 202, 1757, 171, 1641, 2474, 116, 70, 1344, 3343, 975, 454, 129, 2115, 117, 548, 1370, 116, 479, 1051, 138, 891, 40, 2, 392, 203, 1948, 6238, 1350, 822, 1507, 691, 248, 1153, 1190, 3225, 1026, 316, 643, 481, 2343, 994, 668, 1749, 202, 1020, 217, 1116, 2264, 240, 847, 1512, 716, 912, 368, 2514, 144, 489, 256, 257, 476, 108, 1379, 1760, 957, 2773, 700, 136, 1284, 91, 70, 1554, 692, 621, 1638, 1395, 3376, 1989, 89, 1150, 311, 3506, 541, 340, 340, 120, 3010, 550, 278, 3, 1350, 137, 386, 462, 427, 373, 2497, 887, 2017, 232, 1137, 2611, 592, 1265, 1493, 574, 659, 1410, 251, 2548, 1937, 944, 1271, 2302, 2402, 987, 2678, 1936, 2723, 271, 3398, 6, 172, 6, 1603, 67, 519, 1078, 460, 2118, 29, 17, 508, 819, 502, 644, 1088, 963, 1011, 1569, 84, 1318, 1595, 674, 218, 1422, 295, 804, 192, 1109, 366, 449, 1578], dtype=np.int64)
Measured_Diagonal_Data = np.array([0.05894, 0.057874, 0.053568, 0.051444, 0.062424, 0.06041, 0.05625, 0.054264, 0.070084, 0.06816, 0.06357, 0.06201, 0.075238, 0.072524, 0.067524, 0.065716])

# Reference Quantum State: ρ_true, for display of results only
# State: [1.3, 0.9 + 1.1j]⊗[1.4, 0.8 + 1.2j]⊗[1.2, 1.1 - 0.3j]⊗[-1.0, 0.4 + 0.9j]
ρ_true = np.array([[0.0589567051 + 0j, -0.0235826820 + 0.0530610346j, 0.0540436464 + 0.0147391763j, -0.0348827172 + 0.0427436112j, 0.0336895458 - 0.0505343187j, 0.0320050685 + 0.0505343187j, 0.0435156633 - 0.0379007390j, 0.0167043998 + 0.0543243926j, 0.0408161805 - 0.0498864428j, 0.0285713263 + 0.0566891395j, 0.0498864428 - 0.0355251941j, 0.0120180976 + 0.0591078762j, -0.0194362764 - 0.0634918363j, 0.0649171632 + 0.0079040857j, -0.0019436276 - 0.0630599190j, 0.0575313782 + 0.0234747027j], [-0.0235826820 - 0.0530610346j, 0.0571880040 - 0.0000000000j, -0.0083521999 - 0.0545349522j, 0.0524223370 + 0.0142970010j, -0.0589567051 - 0.0101068637j, 0.0326788594 - 0.0490182891j, -0.0515169304 - 0.0240038014j, 0.0422101934 - 0.0367637168j, -0.0612242707 - 0.0167799853j, 0.0395916951 - 0.0483898495j, -0.0519272518 - 0.0306877209j, 0.0483898495 - 0.0344594383j, -0.0493681421 + 0.0428893833j, -0.0188531881 - 0.0615870812j, -0.0559764761 + 0.0269732325j, -0.0018853188 - 0.0611681215j], [0.0540436464 - 0.0147391763j, -0.0083521999 + 0.0545349522j, 0.0532248032 - 0.0000000000j, -0.0212899213 + 0.0479023229j, 0.0182485040 - 0.0547455119j, 0.0419715591 + 0.0383218583j, 0.0304141733 - 0.0456212599j, 0.0288934646 + 0.0456212599j, 0.0249432214 - 0.0559332843j, 0.0403626674 + 0.0448222130j, 0.0368479407 - 0.0450363720j, 0.0257935585 + 0.0511776954j, -0.0336895458 - 0.0533417808j, 0.0614834211 - 0.0089838789j, -0.0175466384 - 0.0573190189j, 0.0586057724 + 0.0071356330j], [-0.0348827172 - 0.0427436112j, 0.0524223370 - 0.0142970010j, -0.0212899213 - 0.0479023229j, 0.0516280591 + 0.0000000000j, -0.0565703623 + 0.0054745512j, 0.0177010488 - 0.0531031465j, -0.0532248032 - 0.0091242520j, 0.0295017481 - 0.0442526221j, -0.0603172445 - 0.0000755855j, 0.0241949248 - 0.0542552858j, -0.0552719110 - 0.0151485978j, 0.0357425025 - 0.0436852808j, -0.0345317844 + 0.0516573035j, -0.0326788594 - 0.0517415274j, -0.0445684616 + 0.0387195821j, -0.0170202393 - 0.0555994483j], [0.0336895458 + 0.0505343187j, -0.0589567051 + 0.0101068637j, 0.0182485040 + 0.0547455119j, -0.0565703623 - 0.0054745512j, 0.0625662993 - 0.0000000000j, -0.0250265197 + 0.0563096694j, 0.0573524410 + 0.0156415748j, -0.0370183938 + 0.0453605670j, 0.0660833398 + 0.0064787588j, -0.0322642188 + 0.0568835023j, 0.0589567051 + 0.0224596972j, -0.0437964095 + 0.0440771557j, 0.0433151303 - 0.0529407148j, 0.0303205912 + 0.0601599032j, 0.0529407148 - 0.0377002060j, 0.0127538995 + 0.0627267257j], [0.0320050685 - 0.0505343187j, 0.0326788594 + 0.0490182891j, 0.0419715591 - 0.0383218583j, 0.0177010488 + 0.0531031465j, -0.0250265197 - 0.0563096694j, 0.0606893103 - 0.0000000000j, -0.0088635591 - 0.0578738269j, 0.0556318678 + 0.0151723276j, -0.0206024530 - 0.0620665093j, 0.0641008396 + 0.0062843960j, -0.0033689546 - 0.0620449135j, 0.0571880040 + 0.0217859063j, -0.0649726954 - 0.0178073313j, 0.0420156764 - 0.0513524934j, -0.0551064713 - 0.0325665609j, 0.0513524934 - 0.0365691998j], [0.0435156633 + 0.0379007390j, -0.0515169304 + 0.0240038014j, 0.0304141733 + 0.0456212599j, -0.0532248032 + 0.0091242520j, 0.0573524410 - 0.0156415748j, -0.0088635591 + 0.0578738269j, 0.0564834647 - 0.0000000000j, -0.0225933859 + 0.0508351182j, 0.0621960845 - 0.0105819727j, -0.0153546584 + 0.0602092652j, 0.0596585707 + 0.0058488795j, -0.0291274198 + 0.0513531618j, 0.0264703574 - 0.0593577711j, 0.0428338511 + 0.0475664301j, 0.0391039371 - 0.0477937009j, 0.0273727559 + 0.0543110237j], [0.0167043998 - 0.0543243926j, 0.0422101934 + 0.0367637168j, 0.0288934646 - 0.0456212599j, 0.0295017481 + 0.0442526221j, -0.0370183938 - 0.0453605670j, 0.0556318678 - 0.0151723276j, -0.0225933859 - 0.0508351182j, 0.0547889607 + 0.0000000000j, -0.0344022093 - 0.0517436870j, 0.0603302020 - 0.0102645135j, -0.0185994367 - 0.0560322654j, 0.0578688135 + 0.0056734131j, -0.0640101370 - 0.0000802132j, 0.0256762467 - 0.0575770380j, -0.0586559056 - 0.0160760630j, 0.0379308190 - 0.0463598898j], [0.0408161805 + 0.0498864428j, -0.0612242707 + 0.0167799853j, 0.0249432214 + 0.0559332843j, -0.0603172445 + 0.0000755855j, 0.0660833398 - 0.0064787588j, -0.0206024530 + 0.0620665093j, 0.0621960845 + 0.0105819727j, -0.0344022093 + 0.0517436870j, 0.0704689611 - 0.0000000000j, -0.0281875845 + 0.0634220650j, 0.0645965477 + 0.0176172403j, -0.0416941353 + 0.0510899968j, 0.0402679778 - 0.0604019667j, 0.0382545789 + 0.0604019667j, 0.0520128047 - 0.0453014750j, 0.0199662057 + 0.0649321142j], [0.0285713263 - 0.0566891395j, 0.0395916951 + 0.0483898495j, 0.0403626674 - 0.0448222130j, 0.0241949248 + 0.0542552858j, -0.0322642188 - 0.0568835023j, 0.0641008396 - 0.0062843960j, -0.0153546584 - 0.0602092652j, 0.0603302020 + 0.0102645135j, -0.0281875845 - 0.0634220650j, 0.0683548923 + 0.0000000000j, -0.0099831028 - 0.0651837891j, 0.0626586513 + 0.0170887231j, -0.0704689611 - 0.0120803933j, 0.0390599385 - 0.0585899077j, -0.0615764494 - 0.0286909342j, 0.0504524205 - 0.0439424308j], [0.0498864428 + 0.0355251941j, -0.0519272518 + 0.0306877209j, 0.0368479407 + 0.0450363720j, -0.0552719110 + 0.0151485978j, 0.0589567051 - 0.0224596972j, -0.0033689546 + 0.0620449135j, 0.0596585707 - 0.0058488795j, -0.0185994367 + 0.0560322654j, 0.0645965477 - 0.0176172403j, -0.0099831028 + 0.0651837891j, 0.0636178121 - 0.0000000000j, -0.0254471249 + 0.0572560309j, 0.0218118213 - 0.0654354639j, 0.0501671890 + 0.0458048247j, 0.0363530355 - 0.0545295533j, 0.0345353837 + 0.0545295533j], [0.0120180976 - 0.0591078762j, 0.0483898495 + 0.0344594383j, 0.0257935585 - 0.0511776954j, 0.0357425025 + 0.0436852808j, -0.0437964095 - 0.0440771557j, 0.0571880040 - 0.0217859063j, -0.0291274198 - 0.0513531618j, 0.0578688135 - 0.0056734131j, -0.0416941353 - 0.0510899968j, 0.0626586513 - 0.0170887231j, -0.0254471249 - 0.0572560309j, 0.0617092778 + 0.0000000000j, -0.0676166461 + 0.0065435464j, 0.0211574667 - 0.0634724000j, -0.0636178121 - 0.0109059107j, 0.0352624444 - 0.0528936667j], [-0.0194362764 + 0.0634918363j, -0.0493681421 - 0.0428893833j, -0.0336895458 + 0.0533417808j, -0.0345317844 - 0.0516573035j, 0.0433151303 + 0.0529407148j, -0.0649726954 + 0.0178073313j, 0.0264703574 + 0.0593577711j, -0.0640101370 + 0.0000802132j, 0.0402679778 + 0.0604019667j, -0.0704689611 + 0.0120803933j, 0.0218118213 + 0.0654354639j, -0.0676166461 - 0.0065435464j, 0.0747833873 + 0.0000000000j, -0.0299133549 + 0.0673050486j, 0.0685514384 + 0.0186958468j, -0.0442468375 + 0.0542179558j], [0.0649171632 - 0.0079040857j, -0.0188531881 + 0.0615870812j, 0.0614834211 + 0.0089838789j, -0.0326788594 + 0.0517415274j, 0.0303205912 - 0.0601599032j, 0.0420156764 + 0.0513524934j, 0.0428338511 - 0.0475664301j, 0.0256762467 + 0.0575770380j, 0.0382545789 - 0.0604019667j, 0.0390599385 + 0.0585899077j, 0.0501671890 - 0.0458048247j, 0.0211574667 + 0.0634724000j, -0.0299133549 - 0.0673050486j, 0.0725398857 + 0.0000000000j, -0.0105943132 - 0.0691746333j, 0.0664948952 + 0.0181349714j], [-0.0019436276 + 0.0630599190j, -0.0559764761 - 0.0269732325j, -0.0175466384 + 0.0573190189j, -0.0445684616 - 0.0387195821j, 0.0529407148 + 0.0377002060j, -0.0551064713 + 0.0325665609j, 0.0391039371 + 0.0477937009j, -0.0586559056 + 0.0160760630j, 0.0520128047 + 0.0453014750j, -0.0615764494 + 0.0286909342j, 0.0363530355 + 0.0545295533j, -0.0636178121 + 0.0109059107j, 0.0685514384 - 0.0186958468j, -0.0105943132 + 0.0691746333j, 0.0675127802 - 0.0000000000j, -0.0270051121 + 0.0607615022j], [0.0575313782 - 0.0234747027j, -0.0018853188 + 0.0611681215j, 0.0586057724 - 0.0071356330j, -0.0170202393 + 0.0555994483j, 0.0127538995 - 0.0627267257j, 0.0513524934 + 0.0365691998j, 0.0273727559 - 0.0543110237j, 0.0379308190 + 0.0463598898j, 0.0199662057 - 0.0649321142j, 0.0504524205 + 0.0439424308j, 0.0345353837 - 0.0545295533j, 0.0352624444 + 0.0528936667j, -0.0442468375 - 0.0542179558j, 0.0664948952 - 0.0181349714j, -0.0270051121 - 0.0607615022j, 0.0654873968 + 0.0000000000j]], dtype=np.complex128)

"""

""" n = 5, nf = 5;  N = 500000 -> error ~ 0.001

# Gate Matrix: G
G = [[[1], [4, 1], [2], [5], [3, 5]], [[4, 1], [2], [5, 2], [3], [1]], [[2], [5, 2], [3], [1, 3], [4]], [[5], [3], [1, 3], [4], [2, 4]], [[3, 5], [1], [4], [2, 4], [5]]]

# Measurement Outcome Vector: qf, for example: 0000, 0001, 0010, 0011, ...
qf = np.array([0, 1, 2, 3, 4, 5, 6, 7, 8, 9, 10, 11, 12, 13, 14, 15, 16, 17, 18, 19, 20, 21, 22, 23, 24, 25, 26, 27, 28, 29, 30, 31, 32, 33, 34, 35, 36, 37, 38, 39, 40, 41, 42, 43, 44, 45, 46, 47, 48, 49, 50, 51, 52, 53, 54, 55, 56, 57, 58, 59, 60, 61, 62, 63, 64, 65, 66, 67, 68, 69, 70, 71, 72, 73, 74, 75, 76, 77, 78, 79, 80, 81, 82, 83, 84, 85, 86, 87, 88, 89, 90, 91, 92, 93, 94, 95, 96, 97, 98, 99, 100, 101, 102, 103, 104, 105, 106, 107, 108, 109, 110, 111, 112, 113, 114, 115, 116, 117, 118, 119, 120, 121, 122, 124, 125, 126, 127, 128, 129, 130, 131, 132, 133, 134, 135, 136, 137, 138, 139, 140, 141, 142, 143, 144, 145, 146, 147, 148, 149, 150, 151, 152, 153, 154, 155, 156, 157, 158, 159, 160, 161, 162, 163, 164, 165, 166, 167, 168, 169, 170, 171, 172, 173, 174, 175, 176, 177, 178, 179, 180, 181, 182, 183, 184, 185, 186, 187, 188, 189, 190, 191, 192, 193, 194, 195, 196, 197, 198, 199, 200, 201, 202, 203, 204, 205, 206, 207, 208, 209, 210, 211, 212, 213, 214, 215, 216, 217, 218, 219, 220, 221, 222, 223, 224, 225, 226, 227, 228, 229, 230, 231, 232, 233, 234, 235, 236, 237, 238, 239, 240, 241, 242, 243, 244, 245, 246, 247, 248, 249, 250, 251, 252, 253, 254, 255, 256, 257, 258, 259, 260, 261, 262, 263, 264, 265, 266, 267, 268, 269, 270, 271, 272, 273, 274, 275, 276, 277, 278, 279, 280, 281, 282, 283, 284, 285, 286, 287, 288, 289, 290, 291, 292, 293, 294, 295, 296, 297, 298, 299, 300, 301, 302, 303, 304, 305, 306, 307, 308, 309, 310, 311, 312, 313, 314, 315, 316, 317, 318, 319, 320, 321, 322, 323, 324, 325, 326, 327, 328, 329, 330, 331, 332, 333, 334, 335, 336, 337, 338, 339, 340, 341, 342, 343, 344, 345, 346, 347, 348, 349, 350, 351, 352, 353, 354, 355, 356, 357, 358, 359, 360, 361, 362, 363, 364, 365, 366, 367, 368, 369, 370, 371, 372, 373, 374, 375, 376, 377, 378, 379, 381, 382, 383, 384, 385, 386, 387, 388, 389, 390, 391, 392, 393, 394, 395, 396, 397, 398, 399, 400, 401, 402, 403, 404, 405, 406, 407, 408, 409, 410, 411, 412, 413, 414, 415, 416, 417, 418, 419, 420, 421, 422, 423, 424, 425, 426, 427, 428, 429, 430, 431, 432, 433, 434, 435, 436, 437, 438, 439, 440, 441, 442, 443, 444, 445, 446, 447, 448, 449, 450, 451, 452, 453, 454, 455, 456, 457, 458, 459, 460, 461, 462, 463, 464, 465, 466, 467, 468, 469, 470, 471, 472, 473, 474, 475, 476, 477, 478, 479, 480, 481, 482, 483, 484, 485, 486, 487, 488, 489, 490, 491, 492, 493, 494, 495, 496, 497, 498, 499, 500, 501, 502, 503, 504, 505, 506, 507, 508, 509, 510, 511, 512, 513, 514, 515, 516, 517, 518, 519, 520, 521, 522, 523, 524, 525, 526, 527, 528, 529, 530, 531, 532, 533, 534, 535, 536, 537, 538, 539, 540, 541, 542, 543, 544, 545, 546, 547, 548, 549, 550, 551, 552, 553, 554, 555, 556, 557, 558, 560, 561, 562, 563, 564, 565, 566, 567, 568, 569, 570, 571, 572, 573, 574, 575, 576, 577, 578, 579, 580, 581, 582, 583, 584, 585, 586, 587, 588, 589, 590, 591, 592, 593, 594, 595, 596, 597, 598, 599, 600, 601, 602, 603, 604, 605, 606, 607, 608, 609, 610, 611, 612, 613, 614, 615, 616, 617, 618, 619, 620, 621, 622, 623, 624, 625, 626, 627, 628, 629, 630, 631, 632, 633, 634, 635, 636, 637, 638, 639, 640, 641, 642, 643, 644, 645, 646, 647, 648, 649, 650, 651, 652, 653, 654, 655, 656, 657, 658, 659, 660, 661, 662, 663, 664, 665, 666, 667, 668, 669, 670, 671, 672, 673, 674, 675, 676, 677, 678, 679, 680, 681, 682, 683, 684, 685, 686, 687, 688, 689, 690, 691, 692, 693, 694, 695, 696, 697, 698, 699, 700, 701, 702, 703, 704, 705, 706, 707, 708, 709, 710, 711, 712, 713, 714, 715, 716, 717, 718, 719, 720, 721, 722, 723, 724, 725, 726, 727, 728, 729, 730, 731, 732, 733, 734, 735, 736, 737, 738, 739, 740, 741, 742, 743, 744, 745, 746, 747, 748, 749, 750, 751, 752, 753, 754, 755, 756, 757, 758, 759, 760, 761, 762, 763, 764, 765, 766, 767, 768, 769, 770, 771, 772, 773, 774, 775, 776, 777, 778, 779, 780, 781, 782, 783, 784, 785, 786, 787, 788, 789, 790, 791, 792, 793, 794, 795, 796, 797, 798, 799, 800, 801, 802, 803, 804, 805, 806, 807, 808, 809, 810, 811, 812, 813, 814, 815, 816, 817, 818, 819, 820, 821, 822, 823, 824, 825, 826, 827, 828, 829, 830, 831, 832, 833, 834, 835, 836, 837, 838, 839, 840, 841, 842, 843, 844, 845, 846, 847, 848, 849, 850, 851, 852, 853, 854, 855, 856, 857, 858, 859, 860, 861, 862, 863, 864, 865, 866, 867, 868, 869, 870, 871, 872, 873, 874, 875, 876, 877, 878, 879, 880, 881, 882, 883, 884, 885, 886, 887, 888, 889, 890, 891, 892, 893, 894, 895, 896, 897, 898, 899, 900, 901, 902, 903, 904, 905, 906, 907, 908, 909, 910, 911, 912, 913, 914, 915, 916, 917, 918, 919, 920, 921, 922, 923, 924, 925, 926, 927, 928, 929, 930, 931, 932, 933, 934, 935, 936, 937, 938, 939, 940, 941, 942, 943, 944, 945, 946, 947, 948, 949, 950, 951, 952, 953, 954, 955, 956, 957, 958, 959, 960, 961, 962, 963, 964, 965, 966, 967, 968, 969, 970, 971, 972, 973, 974, 975, 976, 977, 978, 979, 980, 981, 982, 983, 984, 985, 986, 987, 988, 989, 990, 991, 992, 993, 994, 995, 996, 997, 998, 999, 1000, 1001, 1002, 1003, 1004, 1005, 1006, 1007, 1008, 1009, 1010, 1011, 1012, 1013, 1014, 1015, 1016, 1017, 1018, 1019, 1020, 1021, 1022, 1023], dtype=np.int64)
# Count Vector: N_qf
N_qf = np.array([480, 401, 1483, 686, 1216, 304, 8, 525, 7, 103, 269, 101, 455, 1127, 1028, 824, 796, 75, 22, 1139, 1594, 41, 64, 122, 908, 910, 64, 511, 235, 177, 1360, 8, 2413, 413, 1458, 144, 269, 2259, 1261, 327, 73, 20, 2409, 76, 384, 612, 481, 324, 473, 596, 250, 245, 66, 385, 436, 155, 418, 27, 157, 1018, 91, 92, 310, 48, 1189, 428, 55, 287, 697, 131, 1011, 435, 66, 28, 14, 1122, 32, 1588, 513, 311, 501, 1034, 163, 191, 257, 1096, 292, 282, 285, 20, 1238, 34, 1130, 306, 143, 682, 5638, 319, 151, 876, 168, 850, 3, 732, 19, 144, 108, 712, 968, 47, 267, 501, 339, 374, 25, 428, 576, 421, 686, 164, 368, 777, 414, 593, 1312, 101, 223, 6, 645, 32, 1073, 414, 3, 6, 931, 116, 157, 2254, 3, 56, 202, 183, 134, 422, 50, 158, 126, 962, 391, 582, 162, 579, 182, 370, 328, 1436, 571, 160, 1732, 46, 646, 165, 79, 89, 59, 816, 188, 674, 48, 417, 277, 1040, 18, 369, 968, 285, 105, 41, 303, 59, 51, 226, 1439, 19, 876, 13, 425, 248, 161, 391, 172, 24, 680, 1538, 546, 985, 43, 863, 159, 720, 43, 113, 924, 485, 136, 241, 20, 756, 655, 101, 1266, 164, 602, 1046, 305, 226, 874, 1005, 1047, 124, 1093, 239, 67, 107, 558, 1312, 155, 227, 378, 9, 756, 126, 135, 12, 942, 516, 68, 869, 827, 487, 1029, 150, 229, 307, 1076, 488, 1208, 1142, 260, 565, 465, 123, 215, 1192, 983, 158, 542, 399, 90, 482, 16, 567, 977, 329, 1059, 502, 925, 1091, 592, 76, 190, 1112, 728, 215, 295, 237, 307, 917, 1184, 672, 789, 148, 923, 444, 444, 1068, 585, 692, 579, 366, 1062, 101, 123, 146, 259, 1637, 257, 473, 674, 408, 1142, 461, 28, 85, 535, 22, 247, 633, 113, 130, 229, 13, 362, 224, 374, 1312, 1117, 189, 1412, 341, 610, 8, 633, 876, 21, 191, 82, 1657, 324, 19, 118, 447, 58, 325, 560, 706, 54, 31, 329, 1563, 214, 255, 1248, 196, 252, 359, 109, 234, 149, 459, 724, 1636, 499, 36, 170, 198, 172, 678, 584, 314, 1578, 22, 104, 137, 1748, 789, 1204, 60, 404, 157, 1034, 25, 1361, 267, 461, 1076, 794, 1122, 132, 177, 199, 318, 2, 388, 4, 131, 1221, 138, 1012, 443, 149, 1693, 642, 636, 382, 33, 761, 165, 670, 1134, 44, 376, 133, 114, 382, 438, 847, 530, 35, 135, 54, 713, 88, 44, 11, 372, 52, 623, 274, 1042, 240, 264, 924, 525, 456, 806, 112, 274, 678, 28, 58, 725, 149, 1087, 331, 306, 1220, 53, 507, 296, 168, 36, 221, 635, 187, 16, 7, 425, 344, 396, 653, 292, 240, 360, 995, 431, 31, 26, 984, 60, 795, 1504, 1115, 91, 150, 171, 945, 1383, 290, 113, 217, 289, 465, 795, 354, 587, 286, 81, 28, 327, 346, 761, 142, 2033, 837, 761, 179, 1334, 23, 297, 335, 229, 45, 143, 83, 230, 109, 274, 18, 140, 422, 144, 386, 558, 1054, 1418, 1277, 54, 1421, 768, 97, 707, 312, 124, 323, 143, 340, 553, 238, 145, 699, 155, 575, 207, 49, 773, 408, 709, 200, 433, 113, 266, 608, 418, 236, 113, 1339, 24, 111, 570, 275, 110, 515, 106, 307, 651, 1055, 1094, 526, 316, 1526, 33, 361, 111, 413, 104, 512, 704, 655, 1833, 12, 739, 1226, 157, 1265, 1294, 967, 353, 154, 136, 76, 3, 1682, 284, 142, 14, 905, 197, 296, 435, 551, 1511, 25, 28, 1111, 772, 281, 460, 950, 264, 89, 1262, 52, 553, 169, 931, 285, 302, 1006, 113, 1371, 449, 764, 1594, 1121, 1276, 619, 39, 234, 613, 1935, 367, 443, 309, 85, 8, 708, 99, 2, 704, 147, 452, 429, 230, 1422, 1060, 183, 687, 1219, 66, 51, 174, 737, 1146, 525, 126, 1, 1, 1129, 3, 75, 84, 24, 443, 28, 133, 145, 249, 163, 750, 1657, 761, 454, 246, 1046, 1171, 96, 60, 1228, 63, 140, 228, 770, 1111, 394, 413, 104, 101, 109, 12, 201, 35, 1099, 334, 243, 558, 929, 835, 27, 930, 7, 150, 17, 624, 319, 436, 707, 388, 1337, 409, 271, 484, 192, 101, 109, 562, 920, 1293, 179, 1173, 81, 5, 181, 302, 178, 278, 4, 758, 872, 857, 32, 7, 756, 652, 1094, 777, 254, 396, 95, 752, 606, 302, 267, 386, 59, 1082, 33, 263, 127, 166, 540, 16, 41, 27, 962, 290, 614, 936, 29, 519, 25, 150, 178, 32, 1153, 399, 620, 55, 855, 730, 227, 1166, 5, 623, 172, 702, 307, 450, 844, 15, 117, 104, 1185, 614, 775, 43, 1054, 1782, 1132, 132, 42, 884, 5, 11, 1525, 2169, 902, 396, 80, 1006, 97, 162, 149, 1757, 1355, 484, 1010, 434, 147, 237, 224, 490, 462, 1352, 947, 559, 163, 152, 158, 1480, 67, 395, 239, 199, 1132, 52, 402, 579, 710, 193, 119, 368, 1694, 1048, 516, 100, 153, 1121, 549, 1164, 246, 123, 572, 1302, 328, 255, 394, 13, 1, 82, 178, 60, 99, 252, 18, 171, 877, 58, 328, 96, 192, 133, 3, 523, 36, 138, 1141, 231, 47, 146, 152, 461, 166, 1224, 641, 141, 416, 15, 569, 1292, 531, 368, 892, 190, 679, 768, 115, 1068, 5, 7, 971, 31, 106, 1382, 188, 334, 177, 687, 396, 1364, 365, 732, 260, 380, 157, 330, 256, 148, 1111, 269, 124, 134, 278, 1, 677, 25, 647, 344, 252, 619, 451, 138, 1474, 454, 483, 90, 18, 95, 1115, 135, 76, 337, 59, 290, 621, 846, 1279, 199, 389, 624, 1127, 182, 181, 119, 1174, 5, 122, 161, 93, 1134, 1781, 214, 426, 789, 283, 2131, 1006, 1270, 1743, 469, 669, 563, 98, 1092, 500, 647, 1000, 165, 260, 1449, 682, 1216, 568, 90, 1440, 1587, 578, 2, 140, 1549, 746, 174, 177, 258, 527, 760, 360, 22, 190, 354, 576, 407, 20, 199, 727, 1108, 1320, 79, 269, 244, 1485, 324, 773, 16, 27, 1258, 193, 7, 606, 5, 611, 1478, 372, 579, 1214, 524, 575, 156, 1761, 101, 15, 133, 1090, 793, 187, 981, 851, 827, 107, 403, 126, 295, 235, 40, 359, 279, 13, 526, 85, 256, 585], dtype=np.int64)
Measured_Diagonal_Data = np.array([0.030422, 0.02839, 0.029174, 0.027766, 0.027602, 0.025786, 0.026506, 0.02481, 0.032272, 0.030506, 0.03163, 0.029208, 0.029078, 0.027422, 0.028482, 0.026666, 0.03582, 0.03391, 0.03502, 0.03278, 0.03299, 0.030932, 0.032088, 0.029788, 0.038968, 0.035712, 0.037956, 0.035096, 0.034744, 0.03266, 0.034004, 0.031812])

# Reference Quantum State: ρ_true, for display of results only
# State: [1.3, 0.9 + 1.1j]⊗[1.4, 0.8 + 1.2j]⊗[1.2, 1.1 - 0.3j]⊗[-1.0, 0.4 + 0.9j]⊗[1.1, -0.7 + 0.8j]
